4  9  9  6  7  3  9  7  7  7  5  4  7  5  9  2  4  1  4  7
9  3  7  1  5  7  7  9  5  5  3  5  6  6  5  8  5  1  2  4
9  7  6  4  4  1  6  6  8  9  4  3  3  5  7  1  7  6  7  2
6  1  4  5  3  7  4  4  7  6  6  7  7  4  3  1  4  5  8  1
7  5  4  3  1  5  6  7  4  7  3  4  4  4  2  1  6  5  2  7
3  7  1  7  5  9  3  6  6  7  5  3  6  8  6  7  6  4  2  1
9  7  6  4  6  3  3  4  6  4  3  5  6  4  2  5  5  9  6  6
7  9  6  4  7  6  4  4  2  3  6  5  7  3  1  6  9  4  1  3
7  5  8  7  4  6  6  2  7  3  7  8  5  5  8  4  4  3  7  5
7  5  9  6  7  7  4  3  3  9  9  7  4  6  2  4  5  3  9  5
5  3  4  6  3  5  3  6  7  9  4  3  3  5  7  4  6  6  5  4
4  5  3  7  4  3  5  5  8  7  3  6  5  7  9  5  8  6  4  3
7  6  3  7  4  6  6  7  5  4  3  5  1  8  4  7  5  5  7  5
5  6  5  4  4  8  4  3  5  6  5  7  8  6  2  4  9  5  3  2
9  5  7  3  2  6  2  1  8  2  7  9  4  2  7  4  7  7  9  5
2  8  1  1  1  7  5  6  4  4  4  5  7  4  4  4  4  7  5  4
4  5  7  4  6  6  5  9  4  5  6  8  5  9  7  4  7  4  8  6
1  1  6  5  5  4  9  4  3  3  6  6  5  5  7  7  4  4  4  5
4  2  7  8  2  2  6  1  7  9  5  4  7  3  9  5  8  4  6  4
7  4  2  1  7  1  6  3  5  5  4  3  5  2  5  4  6  5  4  9
